1 0.5451388888888888 0.25234375 0.09027777777777778 0.11875
1 0.5236111111111111 0.39375 0.08333333333333333 0.1109375
1 0.6423611111111112 0.3953125 0.0875 0.1109375
1 0.7291666666666666 0.20859375 0.09027777777777778 0.11875
1 0.8083333333333333 0.5234375 0.08194444444444444 0.1
1 0.8652777777777778 0.66875 0.075 0.0953125
1 0.7 0.74140625 0.06805555555555555 0.090625
1 0.6152777777777778 0.65078125 0.075 0.0953125
1 0.5520833333333334 0.73671875 0.06944444444444445 0.090625
1 0.48055555555555557 0.6171875 0.075 0.1
1 0.3034722222222222 0.528125 0.08055555555555556 0.1078125
1 0.3736111111111111 0.625 0.07777777777777778 0.1015625
1 0.2548611111111111 0.73125 0.07361111111111111 0.090625
1 0.2625 0.85859375 0.06805555555555555 0.0890625
1 0.3229166666666667 0.91640625 0.06805555555555555 0.084375
1 0.39791666666666664 0.92734375 0.06666666666666667 0.084375
1 0.44583333333333336 0.97265625 0.058333333333333334 0.0546875