1 0.18125 0.60625 0.08055555555555556 0.096875
1 0.19444444444444445 0.4671875 0.07777777777777778 0.0953125
1 0.29444444444444445 0.65078125 0.07916666666666666 0.0921875
1 0.32569444444444445 0.71953125 0.0763888888888889 0.0921875
1 0.5319444444444444 0.92890625 0.07222222222222222 0.0875
1 0.5659722222222222 0.8421875 0.07361111111111111 0.090625
1 0.41944444444444445 0.6078125 0.07361111111111111 0.0953125
1 0.4027777777777778 0.528125 0.07361111111111111 0.090625
1 0.43680555555555556 0.41484375 0.07361111111111111 0.090625
1 0.5173611111111112 0.5640625 0.07361111111111111 0.0890625
1 0.63125 0.6375 0.07222222222222222 0.090625
1 0.6638888888888889 0.840625 0.07222222222222222 0.090625
1 0.34097222222222223 0.184375 0.07916666666666666 0.0984375
1 0.45625 0.08984375 0.07361111111111111 0.090625
1 0.5840277777777778 0.45859375 0.07361111111111111 0.090625
1 0.7340277777777777 0.51328125 0.07222222222222222 0.0875
1 0.8430555555555556 0.51171875 0.07083333333333333 0.0875