2 0.7576388888888889 0.67578125 0.04722222222222222 0.06875
2 0.6819444444444445 0.63671875 0.04583333333333333 0.0671875
2 0.5895833333333333 0.69765625 0.043055555555555555 0.0703125
2 0.575 0.51015625 0.043055555555555555 0.0671875
2 0.5756944444444444 0.2125 0.043055555555555555 0.0671875
2 0.5756944444444444 0.87890625 0.04583333333333333 0.0734375
2 0.5256944444444445 0.59453125 0.04583333333333333 0.06875
2 0.49027777777777776 0.40234375 0.043055555555555555 0.0671875
2 0.46111111111111114 0.51640625 0.043055555555555555 0.0671875
2 0.5076388888888889 0.84140625 0.04583333333333333 0.0703125
2 0.4597222222222222 0.878125 0.043055555555555555 0.0734375
2 0.36875 0.60703125 0.044444444444444446 0.0671875
2 0.31180555555555556 0.6265625 0.05 0.0671875
2 0.35208333333333336 0.725 0.04583333333333333 0.0703125
2 0.3645833333333333 0.790625 0.04722222222222222 0.0765625