2 0.5256944444444445 0.8625 0.05 0.06875
2 0.5381944444444444 0.7890625 0.04861111111111111 0.06875
2 0.46458333333333335 0.840625 0.04722222222222222 0.06875
2 0.39444444444444443 0.921875 0.04861111111111111 0.0703125
2 0.3215277777777778 0.84453125 0.04722222222222222 0.0671875
2 0.25 0.86640625 0.04722222222222222 0.0671875
2 0.4097222222222222 0.7796875 0.04722222222222222 0.065625
2 0.5090277777777777 0.7078125 0.04722222222222222 0.0671875
2 0.46944444444444444 0.4828125 0.04583333333333333 0.0640625
2 0.5520833333333334 0.52109375 0.04583333333333333 0.0671875
2 0.6694444444444444 0.70625 0.05 0.0703125
2 0.6194444444444445 0.86171875 0.05 0.0703125
2 0.6034722222222222 0.921875 0.05138888888888889 0.071875
2 0.6895833333333333 0.8125 0.05138888888888889 0.06875