1 0.6763888888888889 0.30234375 0.058333333333333334 0.0515625
1 0.6263888888888889 0.3734375 0.05694444444444444 0.0484375
1 0.5270833333333333 0.44375 0.05694444444444444 0.0484375
1 0.6583333333333333 0.48515625 0.05694444444444444 0.046875
1 0.80625 0.540625 0.059722222222222225 0.0484375
1 0.7597222222222222 0.603125 0.059722222222222225 0.0484375
1 0.8013888888888889 0.659375 0.06111111111111111 0.0484375
1 0.5604166666666667 0.5265625 0.05694444444444444 0.046875
1 0.4340277777777778 0.52109375 0.05555555555555555 0.0453125
1 0.25625 0.3890625 0.05694444444444444 0.0453125
1 0.25763888888888886 0.49140625 0.059722222222222225 0.0453125
1 0.5444444444444444 0.59921875 0.05694444444444444 0.0484375
1 0.4875 0.58359375 0.05694444444444444 0.0484375
1 0.5131944444444444 0.696875 0.05694444444444444 0.0484375
1 0.35833333333333334 0.68515625 0.05694444444444444 0.0484375
1 0.4354166666666667 0.74765625 0.058333333333333334 0.0484375
1 0.5694444444444444 0.70546875 0.05694444444444444 0.0484375