1 0.34305555555555556 0.4359375 0.07361111111111111 0.0890625
1 0.43333333333333335 0.50546875 0.07361111111111111 0.0890625
1 0.33611111111111114 0.609375 0.07361111111111111 0.0890625
1 0.48541666666666666 0.34921875 0.07361111111111111 0.0890625
1 0.43680555555555556 0.77734375 0.075 0.0921875
1 0.4875 0.846875 0.07361111111111111 0.0890625
1 0.6548611111111111 0.584375 0.07777777777777778 0.09375
1 0.7361111111111112 0.3125 0.075 0.090625
1 0.6729166666666667 0.5125 0.0763888888888889 0.090625
1 0.7770833333333333 0.43515625 0.07916666666666666 0.09375
1 0.5402777777777777 0.4375 0.07222222222222222 0.0859375
1 0.5347222222222222 0.51484375 0.0763888888888889 0.0890625
1 0.3375 0.80703125 0.07361111111111111 0.0890625
1 0.21388888888888888 0.5296875 0.07083333333333333 0.0859375
1 0.10694444444444444 0.5640625 0.07083333333333333 0.0859375
1 0.40625 0.075 0.07361111111111111 0.0890625