2 0.3263888888888889 0.58671875 0.06805555555555555 0.0703125
2 0.38125 0.44296875 0.06805555555555555 0.06875
2 0.4513888888888889 0.50625 0.06527777777777778 0.0671875
2 0.45208333333333334 0.5578125 0.06666666666666667 0.0671875
2 0.5034722222222222 0.54140625 0.06527777777777778 0.0671875
2 0.5395833333333333 0.509375 0.06527777777777778 0.0671875
2 0.5201388888888889 0.43125 0.0625 0.0640625
2 0.49027777777777776 0.45234375 0.06527777777777778 0.0671875
2 0.45069444444444445 0.33359375 0.06527777777777778 0.0671875
2 0.4409722222222222 0.28203125 0.06527777777777778 0.0671875
2 0.5416666666666666 0.27109375 0.06527777777777778 0.06875
2 0.6138888888888889 0.565625 0.06527777777777778 0.0671875
2 0.6763888888888889 0.43046875 0.06527777777777778 0.0671875
2 0.5868055555555556 0.31640625 0.06388888888888888 0.0640625
2 0.6291666666666667 0.31796875 0.06111111111111111 0.065625