0 0.4736111111111111 0.74765625 0.10972222222222222 0.096875
0 0.4895833333333333 0.62890625 0.1125 0.1
0 0.6145833333333334 0.53671875 0.12916666666666668 0.1125
0 0.7284722222222222 0.58203125 0.125 0.1046875
0 0.7472222222222222 0.44140625 0.13194444444444445 0.1140625
0 0.6402777777777777 0.4140625 0.10416666666666667 0.0921875
0 0.43680555555555556 0.41015625 0.12222222222222222 0.1078125
0 0.3861111111111111 0.55859375 0.11388888888888889 0.1015625
0 0.7541666666666667 0.29140625 0.1375 0.115625
0 0.26875 0.490625 0.10833333333333334 0.090625
0 0.3375 0.31875 0.12916666666666668 0.1125
0 0.5083333333333333 0.25546875 0.10416666666666667 0.0921875
0 0.6097222222222223 0.18515625 0.1 0.0921875