0 0.21597222222222223 0.73671875 0.05555555555555555 0.08125
0 0.23541666666666666 0.50625 0.05138888888888889 0.08125
0 0.30625 0.63046875 0.06527777777777778 0.103125
0 0.2916666666666667 0.3203125 0.06527777777777778 0.103125
0 0.38333333333333336 0.79375 0.05416666666666667 0.084375
0 0.3715277777777778 0.296875 0.05 0.0765625
0 0.5048611111111111 0.7921875 0.05555555555555555 0.096875
0 0.42986111111111114 0.40390625 0.06111111111111111 0.1
0 0.5347222222222222 0.4890625 0.05694444444444444 0.0875
0 0.6027777777777777 0.67421875 0.059722222222222225 0.09375
0 0.6444444444444445 0.5875 0.06388888888888888 0.1
0 0.6506944444444445 0.3890625 0.05416666666666667 0.084375
0 0.5840277777777778 0.19765625 0.0625 0.103125