1 0.4986111111111111 0.24765625 0.10694444444444444 0.13125
1 0.5034722222222222 0.390625 0.09861111111111111 0.1234375
1 0.6201388888888889 0.3640625 0.10277777777777777 0.125
1 0.6701388888888888 0.16171875 0.10694444444444444 0.13125
1 0.8055555555555556 0.45078125 0.09583333333333334 0.1125
1 0.8888888888888888 0.5796875 0.0875 0.10625
1 0.7402777777777778 0.6890625 0.08194444444444444 0.1015625
1 0.6402777777777777 0.6203125 0.0875 0.10625
1 0.5944444444444444 0.71953125 0.08194444444444444 0.1015625
1 0.5027777777777778 0.61875 0.08888888888888889 0.1109375
1 0.31319444444444444 0.5734375 0.09583333333333334 0.1203125
1 0.3993055555555556 0.6515625 0.09166666666666666 0.1140625
1 0.30277777777777776 0.7828125 0.08611111111111111 0.1015625
1 0.33402777777777776 0.90625 0.08055555555555556 0.1
1 0.4041666666666667 0.9484375 0.07916666666666666 0.0953125
1 0.4791666666666667 0.9421875 0.07777777777777778 0.0953125
1 0.5347222222222222 0.97109375 0.06666666666666667 0.0578125