2 0.5909722222222222 0.68203125 0.06666666666666667 0.0828125
2 0.4736111111111111 0.61953125 0.06805555555555555 0.084375
2 0.3229166666666667 0.7171875 0.07083333333333333 0.0859375
2 0.22847222222222222 0.83203125 0.0763888888888889 0.0890625
2 0.51875 0.53046875 0.06527777777777778 0.0796875
2 0.40208333333333335 0.50390625 0.06666666666666667 0.08125
2 0.27708333333333335 0.6109375 0.07083333333333333 0.084375
2 0.20833333333333334 0.665625 0.07222222222222222 0.0859375
2 0.6784722222222223 0.3171875 0.06805555555555555 0.08125
2 0.5902777777777778 0.2921875 0.05138888888888889 0.0765625
2 0.35208333333333336 0.39921875 0.06944444444444445 0.084375
2 0.2638888888888889 0.3765625 0.07083333333333333 0.0859375
2 0.55 0.22109375 0.06388888888888888 0.08125
2 0.37222222222222223 0.25 0.05694444444444444 0.0828125
2 0.4756944444444444 0.19375 0.06666666666666667 0.0828125
2 0.6111111111111112 0.88203125 0.06944444444444445 0.0890625
2 0.46944444444444444 0.846875 0.07361111111111111 0.0890625