2 0.6520833333333333 0.62890625 0.06111111111111111 0.059375
2 0.6270833333333333 0.47421875 0.06111111111111111 0.0578125
2 0.5458333333333333 0.51796875 0.058333333333333334 0.05625
2 0.5354166666666667 0.56796875 0.059722222222222225 0.0578125
2 0.48819444444444443 0.5390625 0.058333333333333334 0.05625
2 0.45902777777777776 0.49921875 0.058333333333333334 0.05625
2 0.49444444444444446 0.42734375 0.05555555555555555 0.053125
2 0.51875 0.45546875 0.058333333333333334 0.05625
2 0.5819444444444445 0.35 0.058333333333333334 0.05625
2 0.6006944444444444 0.30234375 0.058333333333333334 0.05625
2 0.5055555555555555 0.26640625 0.058333333333333334 0.0578125
2 0.37569444444444444 0.53515625 0.058333333333333334 0.05625
2 0.3423611111111111 0.38828125 0.058333333333333334 0.05625
2 0.45208333333333334 0.2984375 0.05694444444444444 0.053125
2 0.41041666666666665 0.290625 0.05416666666666667 0.05625