1 0.3638888888888889 0.31015625 0.04722222222222222 0.065625
1 0.4201388888888889 0.434375 0.04722222222222222 0.0640625
1 0.44375 0.36484375 0.04722222222222222 0.065625
1 0.33958333333333335 0.15234375 0.04861111111111111 0.0671875
1 0.43333333333333335 0.18515625 0.04861111111111111 0.0671875
1 0.5368055555555555 0.29375 0.04861111111111111 0.06875
1 0.5861111111111111 0.20859375 0.05 0.0671875
1 0.6131944444444445 0.3390625 0.04722222222222222 0.065625
1 0.5729166666666666 0.38046875 0.04722222222222222 0.065625
1 0.5930555555555556 0.565625 0.04722222222222222 0.065625
1 0.5347222222222222 0.54375 0.04722222222222222 0.065625
1 0.4979166666666667 0.46015625 0.04722222222222222 0.065625
1 0.4673611111111111 0.7078125 0.04583333333333333 0.0640625
1 0.5326388888888889 0.6640625 0.04027777777777778 0.0625
1 0.41597222222222224 0.68203125 0.04583333333333333 0.065625
1 0.38680555555555557 0.6234375 0.04027777777777778 0.0640625
1 0.3263888888888889 0.60234375 0.04861111111111111 0.0625