1 0.23125 0.375 0.04027777777777778 0.059375
1 0.2659722222222222 0.4734375 0.0375 0.059375
1 0.28958333333333336 0.315625 0.0375 0.059375
1 0.29444444444444445 0.2546875 0.0375 0.059375
1 0.41388888888888886 0.63828125 0.0375 0.0625
1 0.4236111111111111 0.440625 0.0375 0.059375
1 0.3798611111111111 0.36875 0.03611111111111111 0.059375
1 0.37569444444444444 0.296875 0.0375 0.0625
1 0.3770833333333333 0.034375 0.03611111111111111 0.0640625
1 0.41458333333333336 0.08515625 0.034722222222222224 0.0625
1 0.47430555555555554 0.053125 0.03611111111111111 0.0625
1 0.49444444444444446 0.21171875 0.034722222222222224 0.0625
1 0.5055555555555555 0.35234375 0.0375 0.05625
1 0.5840277777777778 0.26953125 0.03611111111111111 0.059375
1 0.6520833333333333 0.2328125 0.03611111111111111 0.059375
1 0.5041666666666667 0.665625 0.0375 0.0625
1 0.4409722222222222 0.30390625 0.03611111111111111 0.059375