2 0.6458333333333334 0.39296875 0.06388888888888888 0.08125
2 0.5583333333333333 0.32265625 0.06388888888888888 0.0796875
2 0.6222222222222222 0.50546875 0.06527777777777778 0.0828125
2 0.6493055555555556 0.571875 0.06527777777777778 0.08125
2 0.6819444444444445 0.86171875 0.06388888888888888 0.0828125
2 0.3326388888888889 0.2734375 0.0625 0.084375
2 0.6152777777777778 0.8359375 0.06388888888888888 0.0828125
2 0.5388888888888889 0.5828125 0.06388888888888888 0.0828125
2 0.5041666666666667 0.5203125 0.0625 0.08125
2 0.4236111111111111 0.4796875 0.0625 0.0796875
2 0.47430555555555554 0.6296875 0.06111111111111111 0.0796875
2 0.5708333333333333 0.91171875 0.06388888888888888 0.0828125
2 0.48333333333333334 0.7328125 0.0625 0.08125
2 0.4375 0.69296875 0.06111111111111111 0.078125
2 0.3819444444444444 0.62421875 0.06388888888888888 0.0796875
2 0.23055555555555557 0.31171875 0.0625 0.0796875
2 0.3368055555555556 0.753125 0.0625 0.078125
2 0.2965277777777778 0.85703125 0.06388888888888888 0.0796875
2 0.1527777777777778 0.76484375 0.06388888888888888 0.0796875