2 0.3215277777777778 0.196875 0.04583333333333333 0.0671875
2 0.3416666666666667 0.26796875 0.044444444444444446 0.065625
2 0.3840277777777778 0.1828125 0.044444444444444446 0.0671875
2 0.41041666666666665 0.0734375 0.044444444444444446 0.06875
2 0.5076388888888889 0.1015625 0.043055555555555555 0.065625
2 0.5604166666666667 0.04296875 0.043055555555555555 0.065625
2 0.45902777777777776 0.20625 0.044444444444444446 0.0625
2 0.4027777777777778 0.32265625 0.043055555555555555 0.065625
2 0.5340277777777778 0.4984375 0.043055555555555555 0.0625
2 0.44513888888888886 0.51015625 0.041666666666666664 0.065625
2 0.26319444444444445 0.41171875 0.04722222222222222 0.06875
2 0.23958333333333334 0.24921875 0.04722222222222222 0.06875
2 0.22777777777777777 0.1875 0.04722222222222222 0.0703125
2 0.19930555555555557 0.3296875 0.04722222222222222 0.0671875