1 0.7548611111111111 0.296875 0.06944444444444445 0.084375
1 0.6305555555555555 0.259375 0.07361111111111111 0.0921875
1 0.6763888888888889 0.75078125 0.06666666666666667 0.0859375
1 0.46458333333333335 0.5140625 0.07083333333333333 0.0859375
1 0.5159722222222223 0.62265625 0.07361111111111111 0.0875
1 0.6208333333333333 0.61484375 0.06805555555555555 0.0796875
1 0.5409722222222222 0.753125 0.07222222222222222 0.090625
1 0.44166666666666665 0.90625 0.06805555555555555 0.084375
1 0.37916666666666665 0.834375 0.06944444444444445 0.084375
1 0.30486111111111114 0.86640625 0.07222222222222222 0.0890625
1 0.4284722222222222 0.5859375 0.07083333333333333 0.0859375
1 0.2701388888888889 0.39609375 0.07361111111111111 0.0890625
1 0.36736111111111114 0.3203125 0.07222222222222222 0.0859375
1 0.32083333333333336 0.50625 0.07083333333333333 0.084375
1 0.2986111111111111 0.575 0.07222222222222222 0.0890625
1 0.7423611111111111 0.83046875 0.06527777777777778 0.0828125