1 0.6090277777777777 0.71796875 0.05277777777777778 0.0828125
1 0.6479166666666667 0.5859375 0.05277777777777778 0.0828125
1 0.5680555555555555 0.503125 0.05 0.0828125
1 0.55625 0.42421875 0.05138888888888889 0.0796875
1 0.43680555555555556 0.9390625 0.04861111111111111 0.0828125
1 0.45694444444444443 0.5796875 0.05 0.0796875
1 0.4527777777777778 0.496875 0.05 0.0828125
1 0.4326388888888889 0.14765625 0.05 0.0796875
1 0.3888888888888889 0.21953125 0.05 0.078125
1 0.3104166666666667 0.18515625 0.05 0.078125
1 0.4076388888888889 0.67734375 0.05 0.0796875
1 0.3736111111111111 0.503125 0.05 0.0796875
1 0.32222222222222224 0.97109375 0.05277777777777778 0.0578125
1 0.29444444444444445 0.58046875 0.05138888888888889 0.0796875
1 0.29791666666666666 0.390625 0.04861111111111111 0.0765625
1 0.1909722222222222 0.47578125 0.05 0.078125
1 0.10208333333333333 0.4375 0.05277777777777778 0.0765625