1 0.8090277777777778 0.63671875 0.08472222222222223 0.1
1 0.8069444444444445 0.496875 0.08194444444444444 0.0984375
1 0.6930555555555555 0.6703125 0.08194444444444444 0.0953125
1 0.6569444444444444 0.7359375 0.08055555555555556 0.0953125
1 0.43472222222222223 0.92421875 0.075 0.090625
1 0.4076388888888889 0.834375 0.0763888888888889 0.09375
1 0.5722222222222222 0.615625 0.07777777777777778 0.096875
1 0.5944444444444444 0.53828125 0.07777777777777778 0.09375
1 0.5694444444444444 0.42109375 0.0763888888888889 0.09375
1 0.4777777777777778 0.5625 0.07777777777777778 0.0921875
1 0.3590277777777778 0.62421875 0.075 0.0921875
1 0.3104166666666667 0.8234375 0.075 0.0921875
1 0.6833333333333333 0.20078125 0.08333333333333333 0.1015625
1 0.5756944444444444 0.09609375 0.07777777777777778 0.09375
1 0.41944444444444445 0.45 0.07777777777777778 0.09375
1 0.2659722222222222 0.490625 0.075 0.090625
1 0.15763888888888888 0.478125 0.07361111111111111 0.0890625