1 0.3090277777777778 0.50234375 0.05 0.0703125
1 0.3729166666666667 0.58515625 0.04861111111111111 0.0703125
1 0.34652777777777777 0.4140625 0.04722222222222222 0.06875
1 0.33402777777777776 0.35078125 0.04722222222222222 0.0703125
1 0.3527777777777778 0.09140625 0.04861111111111111 0.0734375
1 0.4048611111111111 0.13203125 0.04722222222222222 0.0703125
1 0.4305555555555556 0.36328125 0.04722222222222222 0.0703125
1 0.45 0.43203125 0.04722222222222222 0.0671875
1 0.5097222222222222 0.4859375 0.04583333333333333 0.0671875
1 0.49166666666666664 0.34453125 0.04583333333333333 0.0671875
1 0.45555555555555555 0.07734375 0.04722222222222222 0.071875
1 0.55625 0.6828125 0.044444444444444446 0.06875
1 0.6479166666666667 0.6734375 0.04722222222222222 0.0703125
1 0.56875 0.36796875 0.04722222222222222 0.0671875
1 0.5173611111111112 0.23125 0.04583333333333333 0.06875
1 0.61875 0.25625 0.04722222222222222 0.0671875
1 0.6722222222222223 0.1953125 0.04861111111111111 0.0671875