1 0.6680555555555555 0.63515625 0.043055555555555555 0.0640625
1 0.6736111111111112 0.52421875 0.043055555555555555 0.0609375
1 0.6652777777777777 0.47421875 0.043055555555555555 0.0640625
1 0.6868055555555556 0.40390625 0.043055555555555555 0.0640625
1 0.5944444444444444 0.43125 0.043055555555555555 0.0640625
1 0.58125 0.49453125 0.041666666666666664 0.0625
1 0.5020833333333333 0.74296875 0.04027777777777778 0.0640625
1 0.5270833333333333 0.5515625 0.04027777777777778 0.0609375
1 0.5326388888888889 0.4140625 0.04027777777777778 0.0640625
1 0.6472222222222223 0.15 0.043055555555555555 0.06875
1 0.5993055555555555 0.19609375 0.043055555555555555 0.0671875
1 0.5444444444444444 0.14609375 0.043055555555555555 0.0671875
1 0.4965277777777778 0.3078125 0.041666666666666664 0.0640625
1 0.46041666666666664 0.44921875 0.043055555555555555 0.0609375
1 0.41388888888888886 0.74453125 0.04027777777777778 0.0609375
1 0.4013888888888889 0.3421875 0.041666666666666664 0.0625
1 0.34097222222222223 0.2875 0.043055555555555555 0.0625