2 0.6506944444444445 0.40234375 0.0625 0.0796875
2 0.5666666666666667 0.3265625 0.06111111111111111 0.0796875
2 0.6215277777777778 0.51328125 0.0625 0.08125
2 0.6458333333333334 0.58046875 0.06388888888888888 0.08125
2 0.6645833333333333 0.871875 0.06111111111111111 0.08125
2 0.34305555555555556 0.2640625 0.059722222222222225 0.0828125
2 0.6 0.8421875 0.06111111111111111 0.08125
2 0.5354166666666667 0.58515625 0.06111111111111111 0.08125
2 0.5027777777777778 0.5203125 0.06111111111111111 0.0796875
2 0.42430555555555555 0.475 0.06111111111111111 0.078125
2 0.46805555555555556 0.628125 0.059722222222222225 0.0796875
2 0.5520833333333334 0.915625 0.06111111111111111 0.08125
2 0.4722222222222222 0.73203125 0.06111111111111111 0.0796875
2 0.4284722222222222 0.6890625 0.059722222222222225 0.078125
2 0.3763888888888889 0.6171875 0.06111111111111111 0.0796875
2 0.23958333333333334 0.29609375 0.06111111111111111 0.078125
2 0.325 0.74296875 0.059722222222222225 0.0765625
2 0.2798611111111111 0.84453125 0.06111111111111111 0.0796875
2 0.14027777777777778 0.74453125 0.0625 0.078125