1 0.625 0.2578125 0.05694444444444444 0.05
1 0.5930555555555556 0.340625 0.05694444444444444 0.046875
1 0.5131944444444444 0.4375 0.05694444444444444 0.046875
1 0.6493055555555556 0.4390625 0.05694444444444444 0.0453125
1 0.8048611111111111 0.45 0.059722222222222225 0.0484375
1 0.775 0.52421875 0.059722222222222225 0.0484375
1 0.8277777777777777 0.56640625 0.06111111111111111 0.0484375
1 0.5645833333333333 0.50859375 0.05694444444444444 0.0453125
1 0.44166666666666665 0.53984375 0.05555555555555555 0.04375
1 0.23958333333333334 0.46328125 0.05694444444444444 0.04375
1 0.2638888888888889 0.5625 0.059722222222222225 0.0453125
1 0.5659722222222222 0.5828125 0.05694444444444444 0.046875
1 0.5069444444444444 0.584375 0.05694444444444444 0.046875
1 0.5583333333333333 0.68671875 0.05694444444444444 0.046875
1 0.40555555555555556 0.7203125 0.05694444444444444 0.046875
1 0.49444444444444446 0.7578125 0.058333333333333334 0.0484375
1 0.6145833333333334 0.678125 0.05694444444444444 0.046875