1 0.16041666666666668 0.61484375 0.05694444444444444 0.0875
1 0.23819444444444443 0.54296875 0.05416666666666667 0.0875
1 0.35555555555555557 0.5921875 0.05416666666666667 0.0859375
1 0.3145833333333333 0.39453125 0.05694444444444444 0.0921875
1 0.4111111111111111 0.81171875 0.05138888888888889 0.0828125
1 0.48055555555555557 0.74453125 0.04861111111111111 0.0859375
1 0.5375 0.8046875 0.05138888888888889 0.0859375
1 0.4048611111111111 0.45078125 0.04861111111111111 0.0828125
1 0.4013888888888889 0.2609375 0.04861111111111111 0.0859375
1 0.4652777777777778 0.34296875 0.04861111111111111 0.0828125
1 0.47847222222222224 0.421875 0.05277777777777778 0.084375
1 0.5729166666666666 0.153125 0.05138888888888889 0.0890625
1 0.6354166666666666 0.265625 0.05138888888888889 0.0859375
1 0.5833333333333334 0.38359375 0.04861111111111111 0.084375
1 0.5902777777777778 0.465625 0.05138888888888889 0.0859375
1 0.3763888888888889 0.0296875 0.044444444444444446 0.040625
1 0.26944444444444443 0.03515625 0.04583333333333333 0.0265625