0 0.7291666666666666 0.80234375 0.06805555555555555 0.090625
0 0.7569444444444444 0.57265625 0.06388888888888888 0.0890625
0 0.6625 0.67578125 0.08333333333333333 0.115625
0 0.7388888888888889 0.378125 0.08333333333333333 0.115625
0 0.5548611111111111 0.815625 0.06805555555555555 0.09375
0 0.6659722222222222 0.33515625 0.06388888888888888 0.0859375
0 0.43680555555555556 0.78359375 0.07222222222222222 0.10625
0 0.5875 0.42421875 0.07916666666666666 0.1109375
0 0.46805555555555556 0.48046875 0.07083333333333333 0.096875
0 0.36527777777777776 0.64375 0.075 0.1046875
0 0.3416666666666667 0.54921875 0.08055555555555556 0.1109375
0 0.37569444444444444 0.35390625 0.06805555555555555 0.09375
0 0.47847222222222224 0.184375 0.08055555555555556 0.1140625