1 0.22569444444444445 0.19296875 0.07083333333333333 0.071875
1 0.30416666666666664 0.265625 0.07222222222222222 0.0703125
1 0.7381944444444445 0.175 0.075 0.071875
1 0.43680555555555556 0.3265625 0.07361111111111111 0.075
1 0.30069444444444443 0.415625 0.07361111111111111 0.071875
1 0.5694444444444444 0.39765625 0.07222222222222222 0.0703125
1 0.425 0.44140625 0.07222222222222222 0.0703125
1 0.7666666666666667 0.3078125 0.075 0.071875
1 0.5263888888888889 0.49296875 0.07361111111111111 0.0734375
1 0.46597222222222223 0.52890625 0.07222222222222222 0.0734375
1 0.1527777777777778 0.5265625 0.07361111111111111 0.075
1 0.22291666666666668 0.59296875 0.07361111111111111 0.075
1 0.19305555555555556 0.67578125 0.07361111111111111 0.075
1 0.7090277777777778 0.5875 0.07222222222222222 0.071875
1 0.6388888888888888 0.68828125 0.075 0.075
1 0.5319444444444444 0.6453125 0.07361111111111111 0.075
1 0.46805555555555556 0.67109375 0.07361111111111111 0.075