1 0.30972222222222223 0.525 0.05416666666666667 0.0734375
1 0.38125 0.6 0.05416666666666667 0.0734375
1 0.3388888888888889 0.4328125 0.05138888888888889 0.0703125
1 0.32083333333333336 0.37109375 0.05277777777777778 0.071875
1 0.3159722222222222 0.1109375 0.05277777777777778 0.075
1 0.3715277777777778 0.14453125 0.05277777777777778 0.071875
1 0.41805555555555557 0.371875 0.05277777777777778 0.071875
1 0.44375 0.43828125 0.05138888888888889 0.06875
1 0.5083333333333333 0.48515625 0.05 0.06875
1 0.47708333333333336 0.34609375 0.05 0.06875
1 0.41597222222222224 0.084375 0.05138888888888889 0.0734375
1 0.5729166666666666 0.675 0.05 0.071875
1 0.6631944444444444 0.6546875 0.05277777777777778 0.071875
1 0.5555555555555556 0.3609375 0.05138888888888889 0.06875
1 0.49236111111111114 0.23125 0.05 0.0703125
1 0.5951388888888889 0.24296875 0.05138888888888889 0.06875
1 0.6430555555555556 0.17734375 0.05277777777777778 0.0703125