1 0.6305555555555555 0.70078125 0.05 0.0484375
1 0.6694444444444444 0.64296875 0.05138888888888889 0.0484375
1 0.725 0.371875 0.05138888888888889 0.05
1 0.6041666666666666 0.34921875 0.05 0.0484375
1 0.5409722222222222 0.35 0.05 0.046875
1 0.4756944444444444 0.496875 0.04861111111111111 0.046875
1 0.42777777777777776 0.58828125 0.04861111111111111 0.046875
1 0.37777777777777777 0.52734375 0.05 0.0484375
1 0.4361111111111111 0.3671875 0.04861111111111111 0.0484375
1 0.4173611111111111 0.29921875 0.05 0.0484375
1 0.35555555555555557 0.37890625 0.04861111111111111 0.046875
1 0.30416666666666664 0.2796875 0.05138888888888889 0.0484375
1 0.30972222222222223 0.609375 0.05138888888888889 0.046875
1 0.23402777777777778 0.46640625 0.05138888888888889 0.046875
1 0.175 0.5734375 0.05416666666666667 0.0484375