1 0.33402777777777776 0.51953125 0.05555555555555555 0.0734375
1 0.4423611111111111 0.5375 0.05555555555555555 0.0734375
1 0.3951388888888889 0.67890625 0.05416666666666667 0.0734375
1 0.42777777777777776 0.371875 0.05555555555555555 0.0734375
1 0.5513888888888889 0.78046875 0.05555555555555555 0.0765625
1 0.6236111111111111 0.81796875 0.05555555555555555 0.0734375
1 0.6722222222222223 0.49921875 0.058333333333333334 0.0765625
1 0.6388888888888888 0.215625 0.05694444444444444 0.0734375
1 0.6604166666666667 0.42578125 0.058333333333333334 0.0734375
1 0.7236111111111111 0.30546875 0.06111111111111111 0.075
1 0.5118055555555555 0.4234375 0.05416666666666667 0.0703125
1 0.5368055555555555 0.49609375 0.058333333333333334 0.071875
1 0.4736111111111111 0.85625 0.05416666666666667 0.0734375
1 0.25416666666666665 0.6671875 0.05277777777777778 0.0703125
1 0.17152777777777778 0.7515625 0.05277777777777778 0.0703125
1 0.25 0.1640625 0.05416666666666667 0.0734375