2 0.7055555555555556 0.15234375 0.044444444444444446 0.06875
2 0.6388888888888888 0.21640625 0.041666666666666664 0.065625
2 0.5729166666666666 0.33828125 0.044444444444444446 0.06875
2 0.625 0.66640625 0.04027777777777778 0.065625
2 0.5340277777777778 0.1875 0.044444444444444446 0.0703125
2 0.4840277777777778 0.02890625 0.043055555555555555 0.0578125
2 0.49583333333333335 0.30859375 0.04027777777777778 0.065625
2 0.5006944444444444 0.45859375 0.04027777777777778 0.0640625
2 0.5284722222222222 0.665625 0.0375 0.0625
2 0.44375 0.39765625 0.04583333333333333 0.06875
2 0.42916666666666664 0.32265625 0.04722222222222222 0.071875
2 0.4263888888888889 0.07890625 0.041666666666666664 0.071875
2 0.3763888888888889 0.040625 0.04027777777777778 0.0640625
2 0.33541666666666664 0.30703125 0.04027777777777778 0.065625
2 0.3423611111111111 0.3734375 0.04027777777777778 0.065625
2 0.3506944444444444 0.5484375 0.04027777777777778 0.0625
2 0.29444444444444445 0.459375 0.04027777777777778 0.065625