0 0.64375 0.1765625 0.11527777777777778 0.1125
0 0.6076388888888888 0.27734375 0.12916666666666668 0.1390625
0 0.7506944444444444 0.296875 0.11388888888888889 0.125
0 0.7138888888888889 0.38671875 0.11944444444444445 0.115625
0 0.8590277777777777 0.4296875 0.13055555555555556 0.1359375
0 0.8618055555555556 0.63828125 0.11388888888888889 0.1265625
0 0.7576388888888889 0.64140625 0.11666666666666667 0.1234375
0 0.5909722222222222 0.72734375 0.17916666666666667 0.1828125
0 0.5826388888888889 0.53671875 0.1388888888888889 0.15
0 0.45069444444444445 0.2578125 0.12638888888888888 0.1359375
0 0.34305555555555556 0.1421875 0.125 0.1390625
0 0.4222222222222222 0.40703125 0.15555555555555556 0.1484375
0 0.3729166666666667 0.58671875 0.15833333333333333 0.15