1 0.21944444444444444 0.41328125 0.044444444444444446 0.0640625
1 0.26458333333333334 0.50546875 0.041666666666666664 0.0640625
1 0.27152777777777776 0.3453125 0.041666666666666664 0.0640625
1 0.26944444444444443 0.284375 0.041666666666666664 0.0640625
1 0.42916666666666664 0.64921875 0.041666666666666664 0.065625
1 0.41805555555555557 0.4515625 0.041666666666666664 0.0640625
1 0.36666666666666664 0.3859375 0.04027777777777778 0.0625
1 0.3541666666666667 0.315625 0.041666666666666664 0.065625
1 0.3277777777777778 0.0546875 0.04027777777777778 0.0671875
1 0.3701388888888889 0.1 0.03888888888888889 0.065625
1 0.4263888888888889 0.06015625 0.04027777777777778 0.065625
1 0.4638888888888889 0.2140625 0.03888888888888889 0.065625
1 0.4895833333333333 0.353125 0.041666666666666664 0.0609375
1 0.5583333333333333 0.26015625 0.04027777777777778 0.0625
1 0.6222222222222222 0.2140625 0.04027777777777778 0.0625
1 0.5222222222222223 0.6640625 0.041666666666666664 0.065625
1 0.4201388888888889 0.3140625 0.04027777777777778 0.0625