1 0.3798611111111111 0.89296875 0.0625 0.0796875
1 0.34930555555555554 0.82421875 0.06111111111111111 0.0765625
1 0.27361111111111114 0.83125 0.058333333333333334 0.0734375
1 0.5402777777777777 0.70078125 0.06388888888888888 0.078125
1 0.6534722222222222 0.58984375 0.07083333333333333 0.090625
1 0.6326388888888889 0.4703125 0.06527777777777778 0.0796875
1 0.5631944444444444 0.6390625 0.06527777777777778 0.0796875
1 0.4486111111111111 0.61796875 0.059722222222222225 0.0734375
1 0.46875 0.54765625 0.059722222222222225 0.0734375
1 0.4388888888888889 0.45625 0.06111111111111111 0.075
1 0.5020833333333333 0.25078125 0.06111111111111111 0.0765625
1 0.40347222222222223 0.19140625 0.06527777777777778 0.0796875
1 0.3784722222222222 0.5921875 0.058333333333333334 0.071875
1 0.31875 0.6609375 0.059722222222222225 0.0734375
1 0.3138888888888889 0.51171875 0.059722222222222225 0.071875
1 0.3138888888888889 0.59765625 0.059722222222222225 0.0734375
1 0.20833333333333334 0.55390625 0.059722222222222225 0.0703125
1 0.12152777777777778 0.5828125 0.059722222222222225 0.071875
1 0.07777777777777778 0.41640625 0.05694444444444444 0.0671875