0 0.6319444444444444 0.37109375 0.11666666666666667 0.1171875
0 0.61875 0.559375 0.11527777777777778 0.1140625
0 0.5263888888888889 0.49140625 0.08611111111111111 0.090625
0 0.49444444444444446 0.63046875 0.10972222222222222 0.109375
0 0.5909722222222222 0.7265625 0.1111111111111111 0.1125
0 0.38958333333333334 0.6953125 0.09027777777777778 0.0890625
0 0.37222222222222223 0.821875 0.08611111111111111 0.0859375
0 0.5166666666666667 0.20625 0.09027777777777778 0.1
0 0.42986111111111114 0.2734375 0.08611111111111111 0.096875
0 0.3659722222222222 0.4328125 0.1 0.1015625
0 0.30069444444444443 0.3109375 0.09444444444444444 0.1
0 0.32222222222222224 0.584375 0.08333333333333333 0.09375
0 0.24583333333333332 0.4796875 0.0763888888888889 0.078125