1 0.5027777777777778 0.3078125 0.04722222222222222 0.065625
1 0.5847222222222223 0.35703125 0.05 0.071875
1 0.6944444444444444 0.55703125 0.04861111111111111 0.0703125
1 0.7083333333333334 0.6578125 0.04861111111111111 0.0671875
1 0.6381944444444444 0.7046875 0.04861111111111111 0.065625
1 0.6194444444444445 0.7640625 0.04861111111111111 0.0671875
1 0.5618055555555556 0.63046875 0.04583333333333333 0.0671875
1 0.5493055555555556 0.69921875 0.05138888888888889 0.06875
1 0.4951388888888889 0.9546875 0.04861111111111111 0.0703125
1 0.46805555555555556 0.89375 0.04861111111111111 0.06875
1 0.4048611111111111 0.9109375 0.04722222222222222 0.0734375
1 0.41805555555555557 0.75078125 0.04861111111111111 0.0671875
1 0.4888888888888889 0.6765625 0.04861111111111111 0.06875
1 0.5361111111111111 0.5484375 0.04722222222222222 0.0671875
1 0.4361111111111111 0.61171875 0.05138888888888889 0.0703125
1 0.34375 0.6734375 0.04861111111111111 0.0671875
1 0.26944444444444443 0.6921875 0.04583333333333333 0.0671875