2 0.7722222222222223 0.15546875 0.0625 0.08125
2 0.71875 0.24375 0.059722222222222225 0.078125
2 0.6777777777777778 0.38984375 0.06111111111111111 0.08125
2 0.7993055555555556 0.7125 0.058333333333333334 0.08125
2 0.6041666666666666 0.24296875 0.058333333333333334 0.0796875
2 0.5145833333333333 0.078125 0.058333333333333334 0.0828125
2 0.7020833333333333 0.746875 0.05555555555555555 0.08125
2 0.6256944444444444 0.53671875 0.05555555555555555 0.0765625
2 0.5881944444444445 0.38046875 0.05555555555555555 0.078125
2 0.4673611111111111 0.159375 0.058333333333333334 0.0796875
2 0.4041666666666667 0.12578125 0.059722222222222225 0.0859375
2 0.5270833333333333 0.421875 0.059722222222222225 0.0828125
2 0.5541666666666667 0.49296875 0.05555555555555555 0.078125
2 0.4409722222222222 0.4984375 0.058333333333333334 0.0796875
2 0.4201388888888889 0.4296875 0.058333333333333334 0.0828125
2 0.49375 0.6859375 0.05555555555555555 0.0765625
2 0.41597222222222224 0.6125 0.058333333333333334 0.0796875