1 0.6284722222222222 0.70390625 0.059722222222222225 0.0875
1 0.6555555555555556 0.56796875 0.059722222222222225 0.0875
1 0.5680555555555555 0.49453125 0.05694444444444444 0.0859375
1 0.5486111111111112 0.41796875 0.058333333333333334 0.0828125
1 0.4777777777777778 0.94453125 0.05555555555555555 0.0859375
1 0.46458333333333335 0.584375 0.05694444444444444 0.0828125
1 0.4527777777777778 0.50234375 0.05694444444444444 0.0859375
1 0.40069444444444446 0.15703125 0.05694444444444444 0.0828125
1 0.36319444444444443 0.23359375 0.05555555555555555 0.08125
1 0.28194444444444444 0.209375 0.05555555555555555 0.08125
1 0.425 0.6875 0.05694444444444444 0.0828125
1 0.37430555555555556 0.51796875 0.05694444444444444 0.0828125
1 0.36875 0.97890625 0.059722222222222225 0.0421875
1 0.30277777777777776 0.6046875 0.058333333333333334 0.0828125
1 0.28888888888888886 0.41484375 0.05416666666666667 0.0796875
1 0.19027777777777777 0.51171875 0.05555555555555555 0.08125
1 0.09861111111111111 0.484375 0.058333333333333334 0.08125