0 0.7375 0.25625 0.09722222222222222 0.078125
0 0.6715277777777777 0.3359375 0.10277777777777777 0.1046875
0 0.7986111111111112 0.41171875 0.08888888888888889 0.0953125
0 0.7354166666666667 0.48046875 0.1 0.08125
0 0.8576388888888888 0.57890625 0.10555555555555556 0.1
0 0.79375 0.775 0.08888888888888889 0.096875
0 0.6951388888888889 0.7359375 0.09444444444444444 0.090625
0 0.5125 0.74921875 0.14722222222222223 0.1328125
0 0.5652777777777778 0.5671875 0.1111111111111111 0.1125
0 0.53125 0.25390625 0.1 0.103125
0 0.4673611111111111 0.10234375 0.09722222222222222 0.10625
0 0.45694444444444443 0.38203125 0.13194444444444445 0.1015625
0 0.35347222222222224 0.5296875 0.13472222222222222 0.103125