2 0.63125 0.890625 0.05555555555555555 0.0765625
2 0.5784722222222223 0.81171875 0.05277777777777778 0.071875
2 0.5388888888888889 0.67578125 0.05555555555555555 0.0765625
2 0.6555555555555556 0.36953125 0.05138888888888889 0.071875
2 0.4708333333333333 0.81328125 0.05555555555555555 0.078125
2 0.3902777777777778 0.95625 0.05277777777777778 0.0671875
2 0.4576388888888889 0.6859375 0.05138888888888889 0.071875
2 0.49236111111111114 0.540625 0.05138888888888889 0.0703125
2 0.5604166666666667 0.3453125 0.04861111111111111 0.06875
2 0.425 0.5859375 0.05694444444444444 0.0765625
2 0.3951388888888889 0.6546875 0.058333333333333334 0.0796875
2 0.34375 0.89140625 0.05277777777777778 0.078125
2 0.2881944444444444 0.915625 0.05138888888888889 0.071875
2 0.30069444444444443 0.64609375 0.05138888888888889 0.071875
2 0.32083333333333336 0.58359375 0.05138888888888889 0.071875
2 0.3638888888888889 0.41484375 0.05 0.06875
2 0.2916666666666667 0.48828125 0.05138888888888889 0.071875