1 0.7069444444444445 0.50625 0.05555555555555555 0.071875
1 0.65625 0.4109375 0.05416666666666667 0.06875
1 0.6243055555555556 0.37421875 0.05555555555555555 0.071875
1 0.6069444444444444 0.303125 0.05555555555555555 0.071875
1 0.54375 0.38359375 0.05555555555555555 0.071875
1 0.5645833333333333 0.44453125 0.05416666666666667 0.06875
1 0.6222222222222222 0.70078125 0.05277777777777778 0.0703125
1 0.5479166666666667 0.52578125 0.05138888888888889 0.0671875
1 0.4840277777777778 0.40859375 0.05277777777777778 0.0703125
1 0.4486111111111111 0.1171875 0.05694444444444444 0.075
1 0.43125 0.1859375 0.05694444444444444 0.0734375
1 0.3611111111111111 0.17890625 0.05694444444444444 0.0734375
1 0.4013888888888889 0.34296875 0.05416666666666667 0.0703125
1 0.4423611111111111 0.4828125 0.05416666666666667 0.06875
1 0.55 0.75703125 0.05138888888888889 0.0671875
1 0.33958333333333335 0.43125 0.05416666666666667 0.06875
1 0.2625 0.42421875 0.05555555555555555 0.0703125