2 0.7159722222222222 0.26328125 0.04583333333333333 0.06875
2 0.65 0.3203125 0.044444444444444446 0.0671875
2 0.5479166666666667 0.284375 0.041666666666666664 0.06875
2 0.5715277777777777 0.47109375 0.041666666666666664 0.065625
2 0.63125 0.7609375 0.041666666666666664 0.065625
2 0.4979166666666667 0.11171875 0.044444444444444446 0.0734375
2 0.50625 0.40078125 0.044444444444444446 0.06875
2 0.5097222222222222 0.59765625 0.041666666666666664 0.065625
2 0.45902777777777776 0.49375 0.041666666666666664 0.065625
2 0.4395833333333333 0.165625 0.044444444444444446 0.0703125
2 0.38472222222222224 0.1421875 0.041666666666666664 0.071875
2 0.3506944444444444 0.42890625 0.043055555555555555 0.0671875
2 0.29097222222222224 0.42421875 0.04861111111111111 0.0671875
2 0.3104166666666667 0.31796875 0.044444444444444446 0.0703125
2 0.30972222222222223 0.2515625 0.04722222222222222 0.0765625