1 0.8534722222222222 0.53671875 0.06805555555555555 0.096875
1 0.7569444444444444 0.57109375 0.06527777777777778 0.09375
1 0.6645833333333333 0.475 0.06527777777777778 0.0921875
1 0.6368055555555555 0.67578125 0.06805555555555555 0.0984375
1 0.6861111111111111 0.2484375 0.0625 0.0890625
1 0.6 0.28203125 0.059722222222222225 0.090625
1 0.5666666666666667 0.2015625 0.0625 0.0921875
1 0.5722222222222222 0.5859375 0.059722222222222225 0.0875
1 0.5118055555555555 0.76328125 0.059722222222222225 0.090625
1 0.4798611111111111 0.66015625 0.059722222222222225 0.0875
1 0.49375 0.58203125 0.06388888888888888 0.090625
1 0.31666666666666665 0.79140625 0.06388888888888888 0.0953125
1 0.2965277777777778 0.66015625 0.0625 0.0921875
1 0.3840277777777778 0.5734375 0.059722222222222225 0.0890625
1 0.4048611111111111 0.49375 0.0625 0.0921875
1 0.4576388888888889 0.98125 0.04861111111111111 0.0375