1 0.45208333333333334 0.775 0.06388888888888888 0.065625
1 0.4583333333333333 0.684375 0.06388888888888888 0.0625
1 0.5055555555555555 0.5640625 0.06388888888888888 0.0625
1 0.3763888888888889 0.6125 0.0625 0.0609375
1 0.22569444444444445 0.659375 0.06527777777777778 0.0640625
1 0.23333333333333334 0.578125 0.06527777777777778 0.0640625
1 0.17083333333333334 0.55703125 0.06666666666666667 0.0640625
1 0.43680555555555556 0.515625 0.0625 0.0609375
1 0.54375 0.44140625 0.06111111111111111 0.059375
1 0.7569444444444444 0.4390625 0.0625 0.059375
1 0.7048611111111112 0.3546875 0.06388888888888888 0.0609375
1 0.41388888888888886 0.4453125 0.06388888888888888 0.0625
1 0.46875 0.4234375 0.06388888888888888 0.0625
1 0.3909722222222222 0.3453125 0.06388888888888888 0.0625
1 0.5256944444444445 0.2578125 0.06388888888888888 0.0625
1 0.4305555555555556 0.25390625 0.06388888888888888 0.0625
1 0.3402777777777778 0.37421875 0.06388888888888888 0.0625