1 0.6666666666666666 0.51328125 0.05277777777777778 0.071875
1 0.5590277777777778 0.53515625 0.05277777777777778 0.071875
1 0.6104166666666667 0.675 0.05138888888888889 0.071875
1 0.5680555555555555 0.36875 0.05277777777777778 0.071875
1 0.4576388888888889 0.78203125 0.05277777777777778 0.075
1 0.3861111111111111 0.82265625 0.05277777777777778 0.071875
1 0.3277777777777778 0.50625 0.05555555555555555 0.075
1 0.35208333333333336 0.22109375 0.05416666666666667 0.071875
1 0.3375 0.43203125 0.05555555555555555 0.071875
1 0.2701388888888889 0.3140625 0.058333333333333334 0.0734375
1 0.4861111111111111 0.42421875 0.05138888888888889 0.06875
1 0.46319444444444446 0.49765625 0.05555555555555555 0.0703125
1 0.5375 0.8546875 0.05138888888888889 0.071875
1 0.7506944444444444 0.6578125 0.05 0.06875
1 0.8361111111111111 0.73828125 0.05 0.06875
1 0.7395833333333334 0.1546875 0.05138888888888889 0.071875