2 0.41944444444444445 0.30625 0.06805555555555555 0.0703125
2 0.3770833333333333 0.45546875 0.06805555555555555 0.06875
2 0.4666666666666667 0.459375 0.06527777777777778 0.0671875
2 0.49722222222222223 0.42109375 0.06666666666666667 0.06875
2 0.5270833333333333 0.47109375 0.06527777777777778 0.0671875
2 0.5354166666666667 0.521875 0.06527777777777778 0.0671875
2 0.475 0.5671875 0.0625 0.0640625
2 0.46458333333333335 0.52890625 0.06527777777777778 0.0671875
2 0.36527777777777776 0.5890625 0.06527777777777778 0.0671875
2 0.3284722222222222 0.62109375 0.06527777777777778 0.0671875
2 0.39791666666666664 0.70390625 0.06527777777777778 0.06875
2 0.6243055555555556 0.534375 0.06527777777777778 0.0671875
2 0.5923611111111111 0.68203125 0.06527777777777778 0.0671875
2 0.4583333333333333 0.703125 0.06388888888888888 0.065625
2 0.49166666666666664 0.73203125 0.06111111111111111 0.065625