2 0.47847222222222224 0.2921875 0.06527777777777778 0.0828125
2 0.41597222222222224 0.42109375 0.06666666666666667 0.0828125
2 0.24305555555555555 0.44140625 0.06805555555555555 0.084375
2 0.10694444444444444 0.4109375 0.075 0.0875
2 0.49930555555555556 0.4625 0.06388888888888888 0.078125
2 0.41875 0.56171875 0.06527777777777778 0.08125
2 0.26180555555555557 0.5578125 0.06944444444444445 0.0828125
2 0.17777777777777778 0.55859375 0.07083333333333333 0.084375
2 0.7395833333333334 0.53046875 0.06666666666666667 0.0796875
2 0.68125 0.60859375 0.05 0.0765625
2 0.43333333333333335 0.67890625 0.06805555555555555 0.0828125
2 0.3736111111111111 0.75625 0.06805555555555555 0.084375
2 0.6861111111111111 0.6921875 0.0625 0.0796875
2 0.5270833333333333 0.7875 0.05555555555555555 0.08125
2 0.6402777777777777 0.7640625 0.06527777777777778 0.0828125
2 0.3902777777777778 0.11796875 0.06666666666666667 0.0875
2 0.29375 0.2390625 0.07222222222222222 0.0875