1 0.6076388888888888 0.08125 0.06388888888888888 0.0609375
1 0.5701388888888889 0.18828125 0.06527777777777778 0.059375
1 0.15208333333333332 0.3453125 0.06944444444444445 0.059375
1 0.48055555555555557 0.3140625 0.06666666666666667 0.0625
1 0.6375 0.3171875 0.06666666666666667 0.059375
1 0.3951388888888889 0.44765625 0.06527777777777778 0.059375
1 0.5402777777777777 0.4078125 0.06527777777777778 0.059375
1 0.1840277777777778 0.47734375 0.06944444444444445 0.059375
1 0.4736111111111111 0.5078125 0.06666666666666667 0.0609375
1 0.5423611111111111 0.50703125 0.06527777777777778 0.0625
1 0.8152777777777778 0.334375 0.06666666666666667 0.0625
1 0.7826388888888889 0.43046875 0.06666666666666667 0.0625
1 0.84375 0.48671875 0.06666666666666667 0.0625
1 0.3548611111111111 0.690625 0.06527777777777778 0.0609375
1 0.4597222222222222 0.740625 0.06805555555555555 0.0625
1 0.5347222222222222 0.64453125 0.06666666666666667 0.0625
1 0.6013888888888889 0.63203125 0.06666666666666667 0.0625