1 0.47430555555555554 0.74140625 0.043055555555555555 0.0640625
1 0.46319444444444446 0.603125 0.043055555555555555 0.0625
1 0.5159722222222223 0.6484375 0.043055555555555555 0.0625
1 0.5277777777777778 0.890625 0.044444444444444446 0.0640625
1 0.5916666666666667 0.80625 0.044444444444444446 0.0640625
1 0.6284722222222222 0.65234375 0.044444444444444446 0.065625
1 0.7104166666666667 0.6953125 0.04583333333333333 0.065625
1 0.6715277777777777 0.56953125 0.043055555555555555 0.0625
1 0.6180555555555556 0.55859375 0.043055555555555555 0.0625
1 0.5479166666666667 0.3890625 0.043055555555555555 0.0625
1 0.5090277777777777 0.4421875 0.043055555555555555 0.0625
1 0.5173611111111112 0.53515625 0.043055555555555555 0.0625
1 0.37430555555555556 0.34375 0.041666666666666664 0.0609375
1 0.45 0.34140625 0.03611111111111111 0.0609375
1 0.34305555555555556 0.3953125 0.043055555555555555 0.0625
1 0.34652777777777777 0.46328125 0.03611111111111111 0.0625
1 0.30486111111111114 0.5171875 0.044444444444444446 0.0609375