1 0.5375 0.26015625 0.04027777777777778 0.0625
1 0.5409722222222222 0.39921875 0.041666666666666664 0.0609375
1 0.4909722222222222 0.35078125 0.041666666666666664 0.0625
1 0.49027777777777776 0.10859375 0.041666666666666664 0.0640625
1 0.42291666666666666 0.18828125 0.041666666666666664 0.0640625
1 0.37916666666666665 0.33984375 0.041666666666666664 0.065625
1 0.2986111111111111 0.2921875 0.043055555555555555 0.0640625
1 0.33194444444444443 0.42109375 0.041666666666666664 0.0625
1 0.38472222222222224 0.43515625 0.041666666666666664 0.0625
1 0.44722222222222224 0.6078125 0.041666666666666664 0.0625
1 0.48819444444444443 0.55703125 0.041666666666666664 0.0625
1 0.4847222222222222 0.4640625 0.041666666666666664 0.0625
1 0.6180555555555556 0.6640625 0.04027777777777778 0.059375
1 0.5423611111111111 0.66171875 0.03333333333333333 0.0609375
1 0.6520833333333333 0.61328125 0.04027777777777778 0.0609375
1 0.6520833333333333 0.54609375 0.03333333333333333 0.0625
1 0.6958333333333333 0.49453125 0.043055555555555555 0.059375