0 0.6993055555555555 0.60859375 0.06666666666666667 0.1125
0 0.6048611111111111 0.553125 0.06944444444444445 0.1140625
0 0.56875 0.38984375 0.0763888888888889 0.1328125
0 0.64375 0.28359375 0.07083333333333333 0.128125
0 0.53125 0.21796875 0.07777777777777778 0.1359375
0 0.4736111111111111 0.3234375 0.0625 0.10625
0 0.40347222222222223 0.53828125 0.075 0.125
0 0.5125 0.63984375 0.07083333333333333 0.115625
0 0.40694444444444444 0.16171875 0.07916666666666666 0.1421875
0 0.4173611111111111 0.74296875 0.06111111111111111 0.1125
0 0.29444444444444445 0.6140625 0.0763888888888889 0.1328125
0 0.29791666666666666 0.41171875 0.0625 0.10625
0 0.2708333333333333 0.28046875 0.06527777777777778 0.1