1 0.6340277777777777 0.884375 0.04583333333333333 0.0671875
1 0.5763888888888888 0.82109375 0.043055555555555555 0.065625
1 0.5222222222222223 0.70859375 0.04583333333333333 0.065625
1 0.475 0.84609375 0.043055555555555555 0.065625
1 0.41875 0.98046875 0.0375 0.0296875
1 0.5951388888888889 0.40234375 0.043055555555555555 0.0640625
1 0.5027777777777778 0.396875 0.044444444444444446 0.0671875
1 0.46319444444444446 0.590625 0.044444444444444446 0.0640625
1 0.4465277777777778 0.7328125 0.043055555555555555 0.0640625
1 0.4027777777777778 0.64609375 0.044444444444444446 0.0640625
1 0.38263888888888886 0.71640625 0.04583333333333333 0.0671875
1 0.3638888888888889 0.9453125 0.044444444444444446 0.06875
1 0.31875 0.96015625 0.0375 0.0234375
1 0.3034722222222222 0.665625 0.04583333333333333 0.0671875
1 0.2923611111111111 0.72734375 0.04583333333333333 0.0671875
1 0.32222222222222224 0.50078125 0.04583333333333333 0.0671875
1 0.26180555555555557 0.5828125 0.04583333333333333 0.0671875