1 0.5951388888888889 0.69609375 0.04861111111111111 0.0640625
1 0.8555555555555555 0.2921875 0.04861111111111111 0.0625
1 0.7625 0.30859375 0.04583333333333333 0.0609375
1 0.6479166666666667 0.371875 0.04861111111111111 0.0609375
1 0.6583333333333333 0.22265625 0.04861111111111111 0.0625
1 0.6569444444444444 0.05078125 0.04583333333333333 0.065625
1 0.5763888888888888 0.30078125 0.04583333333333333 0.0609375
1 0.5305555555555556 0.4359375 0.04861111111111111 0.0640625
1 0.4875 0.6375 0.05277777777777778 0.0703125
1 0.48819444444444443 0.346875 0.04861111111111111 0.0640625
1 0.4930555555555556 0.27109375 0.04861111111111111 0.0640625
1 0.5763888888888888 0.065625 0.04583333333333333 0.065625
1 0.5361111111111111 0.01640625 0.044444444444444446 0.0328125
1 0.40069444444444446 0.2046875 0.04861111111111111 0.0640625
1 0.38472222222222224 0.26484375 0.04861111111111111 0.0609375
1 0.3277777777777778 0.41875 0.04722222222222222 0.0625
1 0.3 0.30859375 0.04583333333333333 0.0625