1 0.66875 0.6171875 0.05416666666666667 0.0515625
1 0.2965277777777778 0.8890625 0.05277777777777778 0.0515625
1 0.31666666666666665 0.784375 0.05277777777777778 0.0484375
1 0.3784722222222222 0.659375 0.05138888888888889 0.0515625
1 0.24513888888888888 0.66328125 0.05277777777777778 0.0515625
1 0.09236111111111112 0.653125 0.05694444444444444 0.0484375
1 0.31875 0.575 0.05277777777777778 0.0484375
1 0.4409722222222222 0.53125 0.05416666666666667 0.0515625
1 0.6229166666666667 0.49296875 0.059722222222222225 0.0546875
1 0.3645833333333333 0.47890625 0.05416666666666667 0.0515625
1 0.2972222222222222 0.48046875 0.05416666666666667 0.0515625
1 0.11041666666666666 0.56328125 0.05694444444444444 0.0484375
1 0.05625 0.51640625 0.05416666666666667 0.0484375
1 0.24305555555555555 0.3734375 0.05416666666666667 0.0515625
1 0.2972222222222222 0.3578125 0.05138888888888889 0.0515625
1 0.43680555555555556 0.30234375 0.05277777777777778 0.05
1 0.3402777777777778 0.265625 0.05416666666666667 0.0484375