2 0.1701388888888889 0.69140625 0.059722222222222225 0.078125
2 0.25625 0.671875 0.05694444444444444 0.075
2 0.36666666666666664 0.6015625 0.059722222222222225 0.078125
2 0.4625 0.2859375 0.05555555555555555 0.0734375
2 0.33541666666666664 0.7546875 0.059722222222222225 0.0796875
2 0.3104166666666667 0.921875 0.05555555555555555 0.06875
2 0.4215277777777778 0.6703125 0.05555555555555555 0.0734375
2 0.48125 0.5359375 0.05555555555555555 0.071875
2 0.5465277777777777 0.33984375 0.05138888888888889 0.06875
2 0.5048611111111111 0.6203125 0.06111111111111111 0.078125
2 0.48541666666666666 0.69375 0.0625 0.08125
2 0.38333333333333336 0.90859375 0.058333333333333334 0.0796875
2 0.4083333333333333 0.965625 0.05555555555555555 0.06875
2 0.5611111111111111 0.75859375 0.05555555555555555 0.0734375
2 0.5833333333333334 0.696875 0.05555555555555555 0.0734375
2 0.6513888888888889 0.5390625 0.05416666666666667 0.0703125
2 0.6618055555555555 0.64765625 0.05555555555555555 0.0734375