0 0.4861111111111111 0.2890625 0.07361111111111111 0.109375
0 0.37777777777777777 0.27109375 0.0763888888888889 0.1171875
0 0.4222222222222222 0.4296875 0.07777777777777778 0.1140625
0 0.44930555555555557 0.51796875 0.058333333333333334 0.0828125
0 0.49166666666666664 0.640625 0.06944444444444445 0.10625
0 0.5423611111111111 0.6125 0.058333333333333334 0.084375
0 0.5118055555555555 0.53125 0.075 0.1109375
0 0.5180555555555556 0.41328125 0.075 0.1125
0 0.5673611111111111 0.32890625 0.06805555555555555 0.1
0 0.5770833333333333 0.45234375 0.06527777777777778 0.0984375
0 0.6118055555555556 0.60625 0.07222222222222222 0.109375
0 0.4527777777777778 0.36484375 0.059722222222222225 0.0890625