2 0.36041666666666666 0.828125 0.04027777777777778 0.0625
2 0.37222222222222223 0.7546875 0.03888888888888889 0.0625
2 0.42430555555555555 0.83203125 0.0375 0.0640625
2 0.4638888888888889 0.93671875 0.0375 0.065625
2 0.5569444444444445 0.89375 0.0375 0.0625
2 0.6166666666666667 0.94296875 0.0375 0.0625
2 0.4951388888888889 0.796875 0.0375 0.059375
2 0.42569444444444443 0.690625 0.0375 0.0625
2 0.5333333333333333 0.49609375 0.03611111111111111 0.059375
2 0.4444444444444444 0.4984375 0.03611111111111111 0.0625
2 0.2763888888888889 0.62421875 0.04027777777777778 0.0640625
2 0.27291666666666664 0.7890625 0.04027777777777778 0.0640625
2 0.26944444444444443 0.85234375 0.04027777777777778 0.065625
2 0.22361111111111112 0.715625 0.041666666666666664 0.0625