1 0.6326388888888889 0.84296875 0.08611111111111111 0.0921875
1 0.71875 0.7421875 0.08611111111111111 0.0890625
1 0.5298611111111111 0.77421875 0.08333333333333333 0.090625
1 0.4625 0.79140625 0.08333333333333333 0.0875
1 0.1875 0.74765625 0.07916666666666666 0.0828125
1 0.225 0.66328125 0.08194444444444444 0.084375
1 0.47847222222222224 0.6390625 0.08611111111111111 0.0859375
1 0.5430555555555555 0.6015625 0.08194444444444444 0.0859375
1 0.5986111111111111 0.49921875 0.08194444444444444 0.084375
1 0.44513888888888886 0.5265625 0.08055555555555556 0.084375
1 0.32222222222222224 0.47578125 0.08055555555555556 0.0828125
1 0.1625 0.578125 0.08055555555555556 0.0828125
1 0.8173611111111111 0.434375 0.08888888888888889 0.090625
1 0.8076388888888889 0.27421875 0.08194444444444444 0.0859375
1 0.47430555555555554 0.40078125 0.08194444444444444 0.0859375
1 0.3402777777777778 0.30703125 0.07916666666666666 0.0828125
1 0.27152777777777776 0.21171875 0.07916666666666666 0.08125