0 0.40694444444444444 0.3328125 0.09583333333333334 0.1234375
0 0.5708333333333333 0.37734375 0.09305555555555556 0.121875
0 0.4965277777777778 0.46953125 0.075 0.090625
0 0.6138888888888889 0.5265625 0.08888888888888889 0.115625
0 0.7131944444444445 0.434375 0.09305555555555556 0.1171875
0 0.6541666666666667 0.653125 0.07222222222222222 0.0953125
0 0.7625 0.6921875 0.06944444444444445 0.0921875
0 0.24513888888888888 0.43515625 0.08194444444444444 0.09375
0 0.2902777777777778 0.5421875 0.08055555555555556 0.090625
0 0.4201388888888889 0.63828125 0.08333333333333333 0.1046875
0 0.30277777777777776 0.69140625 0.08194444444444444 0.1
0 0.5465277777777777 0.71015625 0.07777777777777778 0.0875
0 0.4423611111111111 0.77890625 0.06388888888888888 0.08125