2 0.1361111111111111 0.71171875 0.05138888888888889 0.071875
2 0.21388888888888888 0.6515625 0.04861111111111111 0.0703125
2 0.29930555555555555 0.53125 0.04861111111111111 0.0734375
2 0.2881944444444444 0.18125 0.04583333333333333 0.071875
2 0.32083333333333336 0.6984375 0.04583333333333333 0.071875
2 0.35208333333333336 0.8875 0.04583333333333333 0.075
2 0.38958333333333334 0.18828125 0.043055555555555555 0.075
2 0.39444444444444443 0.41484375 0.044444444444444446 0.06875
2 0.3798611111111111 0.57578125 0.044444444444444446 0.0703125
2 0.4215277777777778 0.83125 0.04583333333333333 0.071875
2 0.4701388888888889 0.8875 0.04583333333333333 0.078125
2 0.45 0.56171875 0.04722222222222222 0.075
2 0.44722222222222224 0.48515625 0.044444444444444446 0.0703125
2 0.5548611111111111 0.52578125 0.04583333333333333 0.071875
2 0.5520833333333334 0.5984375 0.04583333333333333 0.075
2 0.5652777777777778 0.32890625 0.044444444444444446 0.06875
2 0.6145833333333334 0.42890625 0.04583333333333333 0.071875