2 0.11597222222222223 0.66015625 0.058333333333333334 0.078125
2 0.2 0.6109375 0.05555555555555555 0.075
2 0.2972222222222222 0.503125 0.05555555555555555 0.078125
2 0.32430555555555557 0.1546875 0.05277777777777778 0.0765625
2 0.30069444444444443 0.671875 0.05277777777777778 0.0765625
2 0.3111111111111111 0.86484375 0.05277777777777778 0.0796875
2 0.42430555555555555 0.17578125 0.05 0.078125
2 0.4048611111111111 0.40078125 0.05 0.0734375
2 0.37222222222222223 0.55859375 0.05138888888888889 0.075
2 0.3861111111111111 0.81796875 0.05277777777777778 0.0765625
2 0.4284722222222222 0.88046875 0.05416666666666667 0.0828125
2 0.44375 0.5546875 0.05416666666666667 0.0796875
2 0.44930555555555557 0.478125 0.05138888888888889 0.075
2 0.5513888888888889 0.5328125 0.05277777777777778 0.0765625
2 0.5416666666666666 0.6046875 0.05277777777777778 0.0796875
2 0.5826388888888889 0.3390625 0.05 0.0734375
2 0.6215277777777778 0.4453125 0.05277777777777778 0.0765625