1 0.20902777777777778 0.2484375 0.05138888888888889 0.06875
1 0.2875 0.26875 0.04861111111111111 0.06875
1 0.3854166666666667 0.334375 0.05138888888888889 0.0671875
1 0.36319444444444443 0.1890625 0.04861111111111111 0.06875
1 0.35 0.03984375 0.03888888888888889 0.03125
1 0.46319444444444446 0.6390625 0.04861111111111111 0.0671875
1 0.5451388888888888 0.58984375 0.04861111111111111 0.0703125
1 0.49027777777777776 0.40078125 0.05 0.0671875
1 0.4388888888888889 0.26953125 0.04861111111111111 0.0671875
1 0.5166666666666667 0.31875 0.05 0.0671875
1 0.5013888888888889 0.246875 0.05138888888888889 0.06875
1 0.4125 0.03984375 0.05 0.071875
1 0.44513888888888886 0.00703125 0.0375 0.0140625
1 0.5930555555555556 0.24453125 0.05138888888888889 0.06875
1 0.5736111111111111 0.184375 0.05138888888888889 0.06875
1 0.6520833333333333 0.396875 0.05138888888888889 0.06875
1 0.6659722222222222 0.29140625 0.05138888888888889 0.06875