1 0.3590277777777778 0.69375 0.06388888888888888 0.0890625
1 0.34097222222222223 0.55546875 0.06388888888888888 0.0890625
1 0.4326388888888889 0.4890625 0.06111111111111111 0.0890625
1 0.45625 0.4140625 0.06111111111111111 0.0859375
1 0.49444444444444446 0.94453125 0.059722222222222225 0.0875
1 0.5305555555555556 0.58671875 0.059722222222222225 0.0859375
1 0.5465277777777777 0.50625 0.06111111111111111 0.0890625
1 0.6208333333333333 0.165625 0.059722222222222225 0.0859375
1 0.6527777777777778 0.2453125 0.059722222222222225 0.084375
1 0.7354166666666667 0.22734375 0.059722222222222225 0.084375
1 0.5631944444444444 0.69296875 0.059722222222222225 0.0859375
1 0.6243055555555556 0.528125 0.059722222222222225 0.0859375
1 0.5979166666666667 0.9828125 0.0625 0.034375
1 0.6902777777777778 0.61953125 0.06111111111111111 0.0859375
1 0.7159722222222222 0.43203125 0.058333333333333334 0.08125
1 0.8083333333333333 0.53671875 0.059722222222222225 0.084375
1 0.9013888888888889 0.515625 0.0625 0.0828125