1 0.7083333333333334 0.83984375 0.0625 0.059375
1 0.69375 0.75078125 0.06111111111111111 0.05625
1 0.6409722222222223 0.6375 0.06111111111111111 0.059375
1 0.7694444444444445 0.6703125 0.06111111111111111 0.05625
1 0.9173611111111111 0.70078125 0.06388888888888888 0.059375
1 0.375 0.534375 0.059722222222222225 0.05625
1 0.4222222222222222 0.44453125 0.0625 0.0578125
1 0.5875 0.51640625 0.06111111111111111 0.0578125
1 0.7013888888888888 0.58046875 0.059722222222222225 0.05625
1 0.6618055555555555 0.49140625 0.06111111111111111 0.0578125
1 0.725 0.5109375 0.0625 0.059375
1 0.9041666666666667 0.621875 0.06388888888888888 0.0578125
1 0.9604166666666667 0.596875 0.06527777777777778 0.0609375
1 0.7319444444444444 0.409375 0.0625 0.059375
1 0.7840277777777778 0.43359375 0.0625 0.059375
1 0.6 0.334375 0.0625 0.059375
1 0.6944444444444444 0.32421875 0.0625 0.059375