1 0.3236111111111111 0.35 0.041666666666666664 0.0546875
1 0.37569444444444444 0.30703125 0.041666666666666664 0.05625
1 0.6180555555555556 0.24921875 0.043055555555555555 0.05625
1 0.6361111111111111 0.38515625 0.041666666666666664 0.0546875
1 0.6340277777777777 0.45625 0.04027777777777778 0.0546875
1 0.5020833333333333 0.52734375 0.04027777777777778 0.053125
1 0.4201388888888889 0.5796875 0.04027777777777778 0.053125
1 0.4736111111111111 0.63671875 0.041666666666666664 0.0546875
1 0.6166666666666667 0.57421875 0.041666666666666664 0.053125
1 0.6770833333333334 0.59609375 0.041666666666666664 0.0546875
1 0.6048611111111111 0.66484375 0.04027777777777778 0.053125
1 0.6923611111111111 0.72421875 0.041666666666666664 0.05625
1 0.3993055555555556 0.7125 0.04027777777777778 0.05625
1 0.525 0.8 0.04027777777777778 0.05625
1 0.42916666666666664 0.8640625 0.041666666666666664 0.059375