1 0.5236111111111111 0.690625 0.05277777777777778 0.0671875
1 0.6 0.6296875 0.05416666666666667 0.075
1 0.6868055555555556 0.4171875 0.05416666666666667 0.0734375
1 0.6895833333333333 0.3140625 0.05277777777777778 0.0703125
1 0.6145833333333334 0.27734375 0.05277777777777778 0.06875
1 0.5902777777777778 0.22109375 0.05277777777777778 0.0703125
1 0.5472222222222223 0.3625 0.05 0.06875
1 0.5277777777777778 0.2953125 0.05555555555555555 0.071875
1 0.44583333333333336 0.04921875 0.05277777777777778 0.071875
1 0.42569444444444443 0.11328125 0.05416666666666667 0.071875
1 0.3611111111111111 0.10546875 0.05277777777777778 0.075
1 0.39166666666666666 0.26171875 0.05277777777777778 0.0703125
1 0.4701388888888889 0.3265625 0.05416666666666667 0.071875
1 0.5305555555555556 0.446875 0.05138888888888889 0.0703125
1 0.42430555555555555 0.39765625 0.05694444444444444 0.0734375
1 0.32569444444444445 0.34921875 0.05277777777777778 0.0703125
1 0.25 0.340625 0.05 0.06875