0 0.7944444444444444 0.71953125 0.05138888888888889 0.078125
0 0.7645833333333333 0.490625 0.04722222222222222 0.078125
0 0.6993055555555555 0.61875 0.06111111111111111 0.1
0 0.7 0.30859375 0.06111111111111111 0.1
0 0.6298611111111111 0.78671875 0.05 0.08125
0 0.61875 0.28984375 0.04722222222222222 0.0734375
0 0.5090277777777777 0.7921875 0.05138888888888889 0.09375
0 0.5652777777777778 0.4 0.05694444444444444 0.096875
0 0.46458333333333335 0.49140625 0.05277777777777778 0.084375
0 0.40555555555555556 0.6796875 0.05555555555555555 0.090625
0 0.3597222222222222 0.59609375 0.059722222222222225 0.096875
0 0.34444444444444444 0.3984375 0.05 0.08125
0 0.40208333333333335 0.203125 0.058333333333333334 0.1