0 0.3638888888888889 0.303125 0.10972222222222222 0.0953125
0 0.43194444444444446 0.39609375 0.1111111111111111 0.0984375
0 0.58125 0.4015625 0.12777777777777777 0.109375
0 0.6583333333333333 0.296875 0.12361111111111112 0.103125
0 0.7388888888888889 0.40703125 0.13194444444444445 0.1125
0 0.6590277777777778 0.4921875 0.10416666666666667 0.090625
0 0.48680555555555555 0.6140625 0.12083333333333333 0.10625
0 0.37569444444444444 0.515625 0.11388888888888889 0.1
0 0.8131944444444444 0.53203125 0.1361111111111111 0.1140625
0 0.3055555555555556 0.6421875 0.10833333333333334 0.0890625
0 0.44375 0.75 0.12777777777777777 0.109375
0 0.6194444444444445 0.7046875 0.10416666666666667 0.090625
0 0.7381944444444445 0.70625 0.09861111111111111 0.0921875