1 0.2222222222222222 0.803125 0.0625 0.0796875
1 0.2881944444444444 0.71640625 0.0625 0.0796875
1 0.2152777777777778 0.2265625 0.06388888888888888 0.084375
1 0.34444444444444444 0.56796875 0.06527777777777778 0.0828125
1 0.4215277777777778 0.72265625 0.0625 0.08125
1 0.4097222222222222 0.4203125 0.0625 0.0796875
1 0.4465277777777778 0.58359375 0.0625 0.0796875
1 0.33402777777777776 0.19609375 0.06388888888888888 0.084375
1 0.49375 0.4703125 0.06388888888888888 0.0828125
1 0.525 0.5390625 0.06527777777777778 0.08125
1 0.5180555555555556 0.890625 0.06527777777777778 0.0828125
1 0.5777777777777777 0.81328125 0.06527777777777778 0.0828125
1 0.6506944444444445 0.84765625 0.06527777777777778 0.0828125
1 0.5819444444444445 0.26640625 0.06388888888888888 0.08125
1 0.6701388888888888 0.346875 0.06527777777777778 0.084375
1 0.6298611111111111 0.4671875 0.06527777777777778 0.0828125
1 0.6513888888888889 0.53828125 0.06527777777777778 0.0828125