0 0.6638888888888889 0.1890625 0.11388888888888889 0.10625
0 0.6215277777777778 0.28671875 0.125 0.134375
0 0.7625 0.3171875 0.10972222222222222 0.1203125
0 0.7201388888888889 0.40390625 0.11666666666666667 0.1109375
0 0.8625 0.4578125 0.12638888888888888 0.1296875
0 0.8520833333333333 0.66640625 0.10972222222222222 0.121875
0 0.7479166666666667 0.66171875 0.11388888888888889 0.1171875
0 0.5763888888888888 0.734375 0.175 0.175
0 0.5798611111111112 0.54296875 0.1361111111111111 0.14375
0 0.46597222222222223 0.2546875 0.12222222222222222 0.13125
0 0.36527777777777776 0.13046875 0.12083333333333333 0.1328125
0 0.4284722222222222 0.4015625 0.1527777777777778 0.140625
0 0.36736111111111114 0.5765625 0.15555555555555556 0.1421875