2 0.4263888888888889 0.69140625 0.0625 0.0796875
2 0.5375 0.615625 0.06388888888888888 0.0796875
2 0.6965277777777777 0.6953125 0.06527777777777778 0.08125
2 0.8006944444444445 0.7984375 0.07083333333333333 0.084375
2 0.4840277777777778 0.5328125 0.06111111111111111 0.0765625
2 0.5979166666666667 0.4921875 0.0625 0.078125
2 0.7319444444444444 0.584375 0.06666666666666667 0.08125
2 0.8055555555555556 0.63046875 0.06805555555555555 0.08125
2 0.3055555555555556 0.3390625 0.0625 0.0765625
2 0.3909722222222222 0.30390625 0.04583333333333333 0.075
2 0.6375 0.3828125 0.06527777777777778 0.0796875
2 0.7236111111111111 0.34921875 0.06527777777777778 0.08125
2 0.42430555555555555 0.22890625 0.059722222222222225 0.078125
2 0.6041666666666666 0.2359375 0.05277777777777778 0.0796875
2 0.49583333333333335 0.19296875 0.0625 0.0796875
2 0.425 0.89296875 0.06388888888888888 0.0859375
2 0.5625 0.84140625 0.06805555555555555 0.084375