1 0.34791666666666665 0.6578125 0.04861111111111111 0.0671875
1 0.33055555555555555 0.54765625 0.04722222222222222 0.065625
1 0.3333333333333333 0.496875 0.04861111111111111 0.0671875
1 0.30416666666666664 0.43046875 0.04861111111111111 0.0671875
1 0.3993055555555556 0.44453125 0.04861111111111111 0.0671875
1 0.41875 0.50625 0.04722222222222222 0.065625
1 0.5243055555555556 0.74140625 0.04583333333333333 0.0671875
1 0.47847222222222224 0.5546875 0.044444444444444446 0.0640625
1 0.4583333333333333 0.41953125 0.04583333333333333 0.0671875
1 0.3159722222222222 0.17265625 0.05 0.071875
1 0.36875 0.21171875 0.04861111111111111 0.0703125
1 0.41805555555555557 0.15546875 0.04861111111111111 0.0703125
1 0.4826388888888889 0.30859375 0.04722222222222222 0.0671875
1 0.5333333333333333 0.44453125 0.04722222222222222 0.065625
1 0.6118055555555556 0.73046875 0.044444444444444446 0.0640625
1 0.58125 0.3296875 0.04722222222222222 0.065625
1 0.6354166666666666 0.2671875 0.04861111111111111 0.065625