1 0.8479166666666667 0.578125 0.075 0.1
1 0.7493055555555556 0.60078125 0.07083333333333333 0.096875
1 0.6659722222222222 0.49453125 0.07083333333333333 0.0953125
1 0.6194444444444445 0.690625 0.07361111111111111 0.1015625
1 0.7083333333333334 0.271875 0.06666666666666667 0.090625
1 0.6194444444444445 0.29453125 0.06527777777777778 0.0921875
1 0.5944444444444444 0.2109375 0.06805555555555555 0.09375
1 0.5638888888888889 0.59375 0.06527777777777778 0.090625
1 0.4875 0.76328125 0.06527777777777778 0.0921875
1 0.4652777777777778 0.65703125 0.06527777777777778 0.090625
1 0.4861111111111111 0.58046875 0.06944444444444445 0.09375
1 0.29097222222222224 0.76796875 0.06944444444444445 0.096875
1 0.2826388888888889 0.63515625 0.06805555555555555 0.09375
1 0.37777777777777777 0.559375 0.06527777777777778 0.0921875
1 0.40625 0.4828125 0.06805555555555555 0.09375
1 0.4131944444444444 0.9765625 0.05138888888888889 0.046875