0 0.3159722222222222 0.45859375 0.10277777777777777 0.09375
0 0.31319444444444444 0.3359375 0.10833333333333334 0.096875
0 0.44722222222222224 0.4046875 0.10555555555555556 0.096875
0 0.5222222222222223 0.4453125 0.07777777777777778 0.0734375
0 0.625 0.5078125 0.09861111111111111 0.0875
0 0.59375 0.5609375 0.07916666666666666 0.0734375
0 0.5256944444444445 0.5171875 0.10277777777777777 0.0953125
0 0.42083333333333334 0.509375 0.10555555555555556 0.09375
0 0.34097222222222223 0.5546875 0.09305555555555556 0.0859375
0 0.4486111111111111 0.58046875 0.09166666666666666 0.0828125
0 0.5798611111111112 0.6375 0.10138888888888889 0.0921875
0 0.38680555555555557 0.43046875 0.08333333333333333 0.0765625