1 0.3194444444444444 0.42890625 0.04583333333333333 0.0671875
1 0.3548611111111111 0.53125 0.044444444444444446 0.0671875
1 0.3819444444444444 0.36015625 0.043055555555555555 0.065625
1 0.38958333333333334 0.29609375 0.043055555555555555 0.0671875
1 0.4861111111111111 0.059375 0.043055555555555555 0.0703125
1 0.5229166666666667 0.1171875 0.043055555555555555 0.0671875
1 0.47638888888888886 0.34453125 0.043055555555555555 0.0671875
1 0.4736111111111111 0.4171875 0.041666666666666664 0.0640625
1 0.5138888888888888 0.490625 0.04027777777777778 0.0640625
1 0.5395833333333333 0.35 0.04027777777777778 0.0640625
1 0.5868055555555556 0.08515625 0.041666666666666664 0.06875
1 0.49722222222222223 0.69296875 0.04027777777777778 0.0671875
1 0.5868055555555556 0.71953125 0.043055555555555555 0.0671875
1 0.6041666666666666 0.40234375 0.041666666666666664 0.0640625
1 0.5979166666666667 0.2546875 0.041666666666666664 0.065625
1 0.6861111111111111 0.31640625 0.041666666666666664 0.0640625
1 0.7541666666666667 0.28046875 0.043055555555555555 0.0640625