2 0.3458333333333333 0.79140625 0.058333333333333334 0.0765625
2 0.39652777777777776 0.7171875 0.05555555555555555 0.0734375
2 0.5034722222222222 0.721875 0.05416666666666667 0.0765625
2 0.4375 0.5484375 0.05416666666666667 0.0734375
2 0.31319444444444444 0.2859375 0.05416666666666667 0.0734375
2 0.5916666666666667 0.875 0.058333333333333334 0.0796875
2 0.5166666666666667 0.59765625 0.05694444444444444 0.075
2 0.46805555555555556 0.40859375 0.05416666666666667 0.0734375
2 0.5409722222222222 0.49375 0.05416666666666667 0.0734375
2 0.6354166666666666 0.80546875 0.05694444444444444 0.0765625
2 0.69375 0.8125 0.05555555555555555 0.078125
2 0.6604166666666667 0.525 0.05555555555555555 0.0734375
2 0.7194444444444444 0.5125 0.059722222222222225 0.075
2 0.725 0.6203125 0.05694444444444444 0.0765625
2 0.7409722222222223 0.684375 0.06111111111111111 0.0828125