0 0.5493055555555556 0.29609375 0.0875 0.1171875
0 0.6583333333333333 0.3015625 0.09027777777777778 0.1234375
0 0.5881944444444445 0.44765625 0.09166666666666666 0.121875
0 0.5465277777777777 0.52890625 0.06805555555555555 0.0890625
0 0.4840277777777778 0.63984375 0.08333333333333333 0.1125
0 0.4395833333333333 0.60078125 0.06805555555555555 0.090625
0 0.48333333333333334 0.528125 0.08888888888888889 0.11875
0 0.49722222222222223 0.4109375 0.08888888888888889 0.1203125
0 0.4625 0.3171875 0.08055555555555556 0.10625
0 0.4326388888888889 0.43671875 0.07777777777777778 0.1046875
0 0.37222222222222223 0.58046875 0.08611111111111111 0.1171875
0 0.5694444444444444 0.37734375 0.07083333333333333 0.0953125