1 0.3458333333333333 0.80546875 0.05 0.0703125
1 0.4722222222222222 0.78046875 0.05277777777777778 0.0765625
1 0.24583333333333332 0.35625 0.04583333333333333 0.0734375
1 0.5263888888888889 0.4703125 0.05138888888888889 0.0703125
1 0.4395833333333333 0.396875 0.05416666666666667 0.0703125
1 0.3472222222222222 0.45390625 0.05138888888888889 0.0640625
1 0.36736111111111114 0.28984375 0.05138888888888889 0.0765625
1 0.4 0.10390625 0.05 0.06875
1 0.4840277777777778 0.1390625 0.05 0.0703125
1 0.5395833333333333 0.075 0.05138888888888889 0.0734375
1 0.5326388888888889 0.38828125 0.05138888888888889 0.0703125
1 0.7472222222222222 0.48515625 0.05416666666666667 0.071875
1 0.6875 0.59921875 0.05416666666666667 0.06875
1 0.6604166666666667 0.409375 0.05277777777777778 0.06875
1 0.6541666666666667 0.3359375 0.05138888888888889 0.0734375
1 0.15625 0.31640625 0.04583333333333333 0.0703125