1 0.6638888888888889 0.66640625 0.04583333333333333 0.0578125
1 0.6090277777777777 0.7046875 0.04583333333333333 0.059375
1 0.36319444444444443 0.73828125 0.04722222222222222 0.0609375
1 0.35555555555555557 0.60078125 0.04583333333333333 0.0578125
1 0.36319444444444443 0.53046875 0.044444444444444446 0.0578125
1 0.5 0.47265625 0.044444444444444446 0.05625
1 0.5854166666666667 0.428125 0.044444444444444446 0.05625
1 0.5368055555555555 0.36640625 0.04583333333333333 0.0578125
1 0.38958333333333334 0.41484375 0.04583333333333333 0.05625
1 0.33125 0.38671875 0.04583333333333333 0.0578125
1 0.4083333333333333 0.32578125 0.044444444444444446 0.05625
1 0.32569444444444445 0.2578125 0.04583333333333333 0.059375
1 0.6166666666666667 0.2984375 0.044444444444444446 0.059375
1 0.4986111111111111 0.1984375 0.044444444444444446 0.059375
1 0.5986111111111111 0.14453125 0.04583333333333333 0.0625