1 0.6402777777777777 0.696875 0.10972222222222222 0.134375
1 0.5638888888888889 0.5828125 0.10138888888888889 0.1265625
1 0.6694444444444444 0.5203125 0.10555555555555556 0.128125
1 0.8215277777777777 0.6421875 0.10972222222222222 0.134375
1 0.7652777777777777 0.321875 0.09722222222222222 0.1140625
1 0.7576388888888889 0.1625 0.09027777777777778 0.1078125
1 0.5805555555555556 0.1828125 0.08333333333333333 0.103125
1 0.5416666666666666 0.30703125 0.09027777777777778 0.1078125
1 0.45069444444444445 0.2625 0.08472222222222223 0.1046875
1 0.4361111111111111 0.40546875 0.09166666666666666 0.1125
1 0.3138888888888889 0.57578125 0.09861111111111111 0.121875
1 0.3368055555555556 0.453125 0.09444444444444444 0.115625
1 0.18819444444444444 0.41953125 0.08888888888888889 0.1046875
1 0.14375 0.3015625 0.08333333333333333 0.1015625
1 0.17430555555555555 0.21953125 0.08194444444444444 0.096875
1 0.23680555555555555 0.17109375 0.08055555555555556 0.096875
1 0.25833333333333336 0.10078125 0.06805555555555555 0.0765625