1 0.5777777777777777 0.67109375 0.04583333333333333 0.0640625
1 0.4847222222222222 0.67109375 0.04861111111111111 0.071875
1 0.30486111111111114 0.55234375 0.04722222222222222 0.0703125
1 0.25 0.4703125 0.04722222222222222 0.0671875
1 0.2923611111111111 0.3921875 0.04722222222222222 0.065625
1 0.28402777777777777 0.3296875 0.04722222222222222 0.0671875
1 0.3909722222222222 0.41796875 0.044444444444444446 0.065625
1 0.3729166666666667 0.35 0.05 0.0671875
1 0.3145833333333333 0.09609375 0.04583333333333333 0.0703125
1 0.3638888888888889 0.13515625 0.04722222222222222 0.06875
1 0.4125 0.0875 0.04583333333333333 0.071875
1 0.4673611111111111 0.23515625 0.04722222222222222 0.0671875
1 0.4361111111111111 0.33828125 0.04722222222222222 0.06875
1 0.4479166666666667 0.47578125 0.04583333333333333 0.0671875
1 0.5097222222222222 0.3671875 0.05 0.06875
1 0.5652777777777778 0.2640625 0.04722222222222222 0.0671875
1 0.6236111111111111 0.2078125 0.044444444444444446 0.065625