2 0.41041666666666665 0.66796875 0.07222222222222222 0.0703125
2 0.34444444444444444 0.571875 0.07083333333333333 0.0703125
2 0.5097222222222222 0.63671875 0.07361111111111111 0.071875
2 0.56875 0.665625 0.07222222222222222 0.071875
2 0.8270833333333333 0.6921875 0.07222222222222222 0.0703125
2 0.29305555555555557 0.31953125 0.07361111111111111 0.06875
2 0.8027777777777778 0.61796875 0.07222222222222222 0.0703125
2 0.575 0.540625 0.07222222222222222 0.0703125
2 0.5180555555555556 0.50390625 0.07083333333333333 0.06875
2 0.4791666666666667 0.41484375 0.06944444444444445 0.06875
2 0.6145833333333334 0.46640625 0.07083333333333333 0.0671875
2 0.8680555555555556 0.565625 0.07222222222222222 0.0703125
2 0.70625 0.47265625 0.07083333333333333 0.06875
2 0.6694444444444444 0.42265625 0.06944444444444445 0.0671875
2 0.60625 0.36328125 0.07083333333333333 0.0703125
2 0.3236111111111111 0.20390625 0.06944444444444445 0.06875
2 0.71875 0.3078125 0.06805555555555555 0.06875
2 0.8097222222222222 0.25859375 0.07083333333333333 0.0703125
2 0.7236111111111111 0.1 0.06805555555555555 0.0703125