0 0.5486111111111112 0.6890625 0.12083333333333333 0.146875
0 0.40208333333333335 0.59609375 0.11666666666666667 0.14375
0 0.49583333333333335 0.53046875 0.09305555555555556 0.1078125
0 0.3972222222222222 0.4390625 0.1125 0.1375
0 0.2791666666666667 0.496875 0.11527777777777778 0.1390625
0 0.3888888888888889 0.3046875 0.09166666666666666 0.1125
0 0.2951388888888889 0.23359375 0.0875 0.1078125
0 0.7291666666666666 0.64140625 0.1 0.1140625
0 0.7118055555555556 0.52421875 0.09861111111111111 0.1109375
0 0.6111111111111112 0.3921875 0.10416666666666667 0.125
0 0.7361111111111112 0.3765625 0.10138888888888889 0.1203125
0 0.5069444444444444 0.28359375 0.09444444444444444 0.10625
0 0.6236111111111111 0.24921875 0.07916666666666666 0.0953125