1 0.48194444444444445 0.1734375 0.06388888888888888 0.0640625
1 0.41875 0.2515625 0.0625 0.0625
1 0.5555555555555556 0.20625 0.0625 0.0625
1 0.60625 0.18515625 0.0625 0.0625
1 0.35208333333333336 0.4734375 0.06527777777777778 0.0625
1 0.5138888888888888 0.396875 0.0625 0.0625
1 0.5520833333333334 0.32109375 0.0625 0.0609375
1 0.6076388888888888 0.28515625 0.06527777777777778 0.0625
1 0.8180555555555555 0.171875 0.06666666666666667 0.0625
1 0.7944444444444444 0.23203125 0.06388888888888888 0.0609375
1 0.8458333333333333 0.278125 0.06527777777777778 0.0625
1 0.7284722222222222 0.36796875 0.06388888888888888 0.0609375
1 0.6201388888888889 0.44140625 0.06111111111111111 0.0609375
1 0.7208333333333333 0.484375 0.0625 0.0609375
1 0.7805555555555556 0.53671875 0.0625 0.0609375
1 0.36944444444444446 0.57734375 0.06527777777777778 0.0625
1 0.6305555555555555 0.3546875 0.0625 0.0609375