1 0.6708333333333333 0.61328125 0.05555555555555555 0.053125
1 0.30277777777777776 0.89296875 0.05416666666666667 0.053125
1 0.32083333333333336 0.78828125 0.05416666666666667 0.05
1 0.38125 0.66171875 0.05277777777777778 0.053125
1 0.24791666666666667 0.66796875 0.05416666666666667 0.053125
1 0.09513888888888888 0.6609375 0.058333333333333334 0.05
1 0.32013888888888886 0.57890625 0.05416666666666667 0.05
1 0.44166666666666665 0.53203125 0.05555555555555555 0.053125
1 0.6229166666666667 0.490625 0.06111111111111111 0.05625
1 0.3638888888888889 0.48125 0.05555555555555555 0.053125
1 0.2972222222222222 0.484375 0.05555555555555555 0.053125
1 0.11180555555555556 0.5703125 0.058333333333333334 0.05
1 0.05694444444444444 0.525 0.05555555555555555 0.05
1 0.24097222222222223 0.378125 0.05555555555555555 0.053125
1 0.2951388888888889 0.36171875 0.05277777777777778 0.053125
1 0.4340277777777778 0.30390625 0.05416666666666667 0.0515625
1 0.3368055555555556 0.26875 0.05555555555555555 0.05