1 0.6638888888888889 0.79921875 0.05 0.0703125
1 0.5361111111111111 0.77890625 0.05277777777777778 0.0765625
1 0.75 0.346875 0.04583333333333333 0.0734375
1 0.4722222222222222 0.471875 0.05138888888888889 0.0703125
1 0.5576388888888889 0.39453125 0.05416666666666667 0.0703125
1 0.6513888888888889 0.44765625 0.05138888888888889 0.0640625
1 0.6256944444444444 0.28515625 0.05138888888888889 0.0765625
1 0.5875 0.10078125 0.05 0.06875
1 0.5048611111111111 0.1390625 0.05 0.0703125
1 0.4479166666666667 0.0765625 0.05138888888888889 0.0734375
1 0.46458333333333335 0.38984375 0.05138888888888889 0.0703125
1 0.25277777777777777 0.49453125 0.05416666666666667 0.071875
1 0.31527777777777777 0.60703125 0.05416666666666667 0.06875
1 0.3368055555555556 0.415625 0.05277777777777778 0.06875
1 0.3402777777777778 0.3421875 0.05138888888888889 0.0734375
1 0.8381944444444445 0.30234375 0.04583333333333333 0.0703125